0 (194, 245) (486, 130)
1 (187, 253) (488, 136)
2 (194, 240) (480, 174)
3 (194, 239) (457, 194)
4 (202, 219) (459, 216)
5 (194, 213) (460, 231)
6 (194, 207) (469, 227)
7 (192, 196) (470, 215)
0 (193, 247) (482, 136)
10 (166, 191) (518, 211)
20 (195, 167) (486, 189)
30 (179, 224) (433, 187)
40 (281, 211) (454, 182)
50 (287, 235) (463, 183)
60 (163, 224) None
70 (218, 174) (541, 320)
80 (223, 186) (537, 254)
90 (305, 225) (531, 64)
100 (293, 271) (469, 144)
110 (339, 241) (494, 220)
120 (210, 226) (509, 217)
130 (163, 209) (444, 194)
140 (259, 62) (457, 256)
150 (219, 111) (490, 228)
160 (221, 201) (486, 217)
170 (162, 176) (475, 212)
180 (232, 228) (395, 168)
190 (235, 225) (399, 178)
200 (147, 158) (483, 171)
210 (138, 186) (508, 178)
220 (166, 40) (508, 225)
900 (569, 121) (556, 245)
910 (513, 245) (558, 186)
920 (469, 225) (568, 182)
930 (455, 222) (561, 177)
940 (421, 134) (565, 176)
950 (520, 192) (582, 126)
960 (519, 252) (571, 212)
